530
4960
24940
26420
30980
40000
45130
49530
50090
52270
52950
54250
54410
55030
58030
59210
67540
71210
85130
85760
87660
92880
94570
97480
98080
98350
100350
103540
109240
112170
113160
117090
117410
118430
119760
122340
126250
129230
132620
133190
134530
134850
138010
140010
140220
142550
145150
148180
150030
151030
159370
159790
162340
172690
173610
174150
175120
177460
184370
185150
188760
192560
195920
201760
205650
207250
207390
207780
208450
208860
210090
222350
222840
225140
229240
231760
234680
234790
235160
235850
241670
241860
255130
256340
257450
271870
271960
272530
276410
278230
288810
292840
294870
298290
304800
310620
315720
317020
318840
327050
